.Random.seed <-
c(403L, 10L, -1122395599L, 1273662563L, 1483043890L, -1322643068L, 
-1437296697L, 1857002141L, -1239389676L, 140871866L, 2121487621L, 
-2004779297L, 285508454L, 856711920L, 206602771L, -1057903695L, 
-65415584L, -1329343490L, -1959769207L, -1424515909L, -1062594422L, 
-1240495252L, 2009411823L, -1728521435L, 1352648156L, -2065062990L, 
-62682451L, -677059993L, -750304882L, 1568474728L, 261763691L, 
-1073607671L, -1888898408L, -2100509242L, 1479460129L, 2075846067L, 
-1338199774L, 2084113172L, -545377385L, 571620237L, 1250674340L, 
1582377098L, -1753198859L, -963260081L, 1284972118L, -131463936L, 
-363667389L, 50107361L, -2098222256L, 703511982L, -1621404839L, 
-950101653L, 1708916954L, 1034267036L, -1871268449L, 240650229L, 
2107836044L, -418040990L, -460661955L, -1502655561L, 38862942L, 
1898962328L, -516994821L, 111154329L, -844253912L, 1894945750L, 
41977937L, 330664707L, 96127634L, 1598543908L, 808511207L, 113990461L, 
1044513716L, -1023324134L, -1327942811L, 1864699391L, 948961414L, 
226036752L, -1478791501L, 887307601L, -1468590848L, -906985506L, 
932215849L, -1880220709L, 464298218L, 994995852L, -458755633L, 
2126235013L, -1436361156L, 36287250L, -568291315L, 295834439L, 
-1921390290L, -1775239032L, -1353218677L, -1578984087L, -1947906248L, 
-1091620378L, -286284415L, -1517061869L, -2063681854L, 1103868276L, 
1030015351L, 508508781L, 1047950596L, 1004163114L, -452948587L, 
526324271L, -308420810L, 1082695520L, 1829528995L, -779563327L, 
-1014470992L, -251608626L, -1163250375L, -122902197L, -201843974L, 
1226546172L, -1573266369L, -2059352811L, 2140548652L, -1285213438L, 
704647133L, -30962985L, -1230142018L, 194592760L, -1614382117L, 
189462073L, -3022968L, 1509924662L, -1608032911L, 200390563L, 
-520978702L, -557668796L, -577828601L, -1561177891L, -1237355052L, 
876456186L, 1105809477L, -1857783649L, -877321690L, -229280080L, 
-830235821L, 1538160241L, -95470688L, 972106558L, 2056172105L, 
551511803L, 1139201738L, -1827723220L, -134844369L, -1933471515L, 
-1550583396L, -721452046L, -68878739L, 139029415L, -2046241330L, 
1980351272L, 1778600235L, -29764791L, 213317720L, -884351738L, 
1339046113L, -1595232141L, -1573155614L, 178609236L, -1311825577L, 
-1744322227L, 518575332L, 1171466442L, -753957579L, -2129663089L, 
1537159318L, -317149120L, -2035640061L, 531756321L, 534124048L, 
-662632978L, 2105604505L, 2045228587L, -355287270L, -1796610596L, 
-1278243873L, 1237367733L, 980772172L, -828370014L, -274113795L, 
1743873015L, -221864674L, 1955684312L, -1297125061L, -596613415L, 
1854380648L, -694621290L, -1129017583L, 938309827L, 1857030354L, 
-1946669724L, -733319001L, 1837426173L, 1689303028L, 2031829210L, 
-2042293723L, 371429183L, -671925050L, 1520660816L, -452157069L, 
192318353L, -356418112L, -731957346L, -44955287L, 848611739L, 
887512234L, 456280780L, 1497600911L, 646981573L, -1650840708L, 
464253906L, -1385438387L, 98230791L, 1643618798L, -760791864L, 
-594570293L, -1796164055L, 1550433400L, 1899002278L, 637066177L, 
-214247341L, -694808830L, 1632380220L, 516903026L, -1226648976L, 
-378369500L, 690460728L, 1380100378L, 641713360L, 440633660L, 
-546118764L, -765724798L, -1420129344L, 525927996L, -1058528880L, 
-1566173150L, 1123886344L, -1952851828L, 924389148L, -2097843054L, 
553932160L, -1602416620L, -1980885208L, -1514379718L, -1018007088L, 
-515982996L, 825291700L, -310195694L, 593405920L, 126347724L, 
-564938528L, -855339998L, 343986984L, -718661108L, -1137835204L, 
1059823602L, 750858992L, 1472600644L, 101150296L, 860297018L, 
-223186960L, 846734012L, 1914639636L, -514990910L, -69227424L, 
-1266961028L, 1082576848L, 435314978L, 2078824104L, 700315532L, 
1103885500L, -496137422L, -1996913088L, 933156020L, 2102936648L, 
2057307578L, -508728816L, -589005588L, 1834385748L, -1823542510L, 
-1604350560L, 588577484L, 2039888480L, 1658494914L, 775238440L, 
1607883180L, -223318724L, 664583026L, -1873740496L, 1182959396L, 
-287816392L, 1152247514L, -2036629616L, -1973142788L, 2119945108L, 
145859650L, -906021632L, 796776508L, 772013392L, 1599206562L, 
1830792008L, -508518644L, -2035777828L, -707047598L, -2077444480L, 
701782100L, 212968424L, 1954618106L, 2123826512L, 2083745580L, 
1942463348L, 1082160018L, 1278607968L, -1167313012L, 1576564576L, 
-1805405214L, 79145896L, -1375585076L, 323992060L, -34895950L, 
1636111856L, 366753220L, -1456584360L, 1965219194L, -441713232L, 
719156156L, 521412692L, 2000900034L, 435965984L, 1975931068L, 
-1266529712L, -1333266462L, 1656381032L, -1228009908L, 1929724156L, 
-1730607118L, 203810048L, 903959412L, 1656229896L, -1374056006L, 
-1306907184L, -317000724L, -1727059052L, -518804526L, 752191328L, 
1741889868L, 1599303968L, 883728258L, 1850033896L, 622082284L, 
289052220L, 1744655218L, 725096048L, -576510940L, 798228280L, 
-280692582L, 86023888L, 1946655932L, -815232364L, -331394430L, 
878485696L, -1236347588L, 1131886736L, 912143906L, 532492808L, 
1884830988L, -885042532L, 1969178130L, -1061074560L, -540665324L, 
136105512L, -530648774L, 1340341200L, -1313571220L, 364204852L, 
2116784786L, 303965536L, 2096700748L, -1348807712L, -682627166L, 
-468713560L, -1014675572L, -589149508L, -1885711502L, 1625221360L, 
1286210628L, 286639448L, -930430918L, -1399565456L, 804893756L, 
1091115796L, -2135759422L, -1896031008L, -1353711748L, 26105552L, 
881863330L, -417201112L, -1225084660L, -1834411076L, 621223218L, 
1080575936L, -1348954572L, 979608520L, 26852538L, -1731674224L, 
-32800276L, 880931924L, 1414236818L, 941763360L, 1135421900L, 
1759138784L, -510865726L, -394668504L, -157086036L, 443072188L, 
517833202L, -2052542160L, -1149949788L, 45783736L, 750262106L, 
-176173680L, 1092558204L, 1856751892L, 47023426L, 1834496768L, 
55485372L, 370668368L, 1543937314L, 1062570312L, -1733452788L, 
2025944156L, 1387758802L, -107711488L, 594397012L, -872007192L, 
943875066L, 1686389456L, 1868664108L, 2046543092L, 2141000594L, 
-1131867040L, -994060020L, 1591333600L, -72016542L, -1968769368L, 
903216716L, -1485909124L, -689701070L, 853265008L, 1812639308L, 
-2050639843L, -437212761L, 26488016L, 1104473710L, -1794885349L, 
2066078333L, -2089983894L, -1246114552L, 1342011825L, -50565597L, 
-1771820252L, -1856906286L, 642410535L, 1277764209L, 2033535158L, 
1608937556L, 380260581L, 1465076975L, 1879875624L, -231025530L, 
1179279027L, -263954411L, 1634611826L, 860020416L, 1538994985L, 
1984160155L, -183503252L, -1876542854L, 442063791L, 1668660921L, 
1065922766L, -527832548L, -1001430643L, 865644535L, -1978813696L, 
337938782L, -355538389L, -184605395L, -385893990L, 2026141528L, 
263388865L, -1924275853L, 56076948L, 1073442594L, -1723663817L, 
630624001L, -956324346L, 695647300L, 1042627957L, -204865313L, 
-1574861768L, 1487807510L, -1440398301L, -325311515L, 516056578L, 
1617087600L, 1303829017L, -854526965L, -245278980L, 1392635690L, 
-580476577L, 371521769L, -544792578L, -408062996L, -14272707L, 
-183588089L, -1834425616L, -1340478834L, -1155619653L, -1006047075L, 
1310112842L, 944875112L, -632108463L, -318670525L, -475000764L, 
15360754L, -1953805625L, 665872529L, 1194522134L, -1884515212L, 
793874181L, -1147191985L, -596402360L, 1709897446L, -1156876269L, 
53649269L, -978415790L, 244115360L, -183491959L, 1469990587L, 
1434305804L, 1090521242L, 1544760847L, 911961L, 2004584174L, 
1885181308L, 179508717L, 736735895L, -2009215648L, -1495885506L, 
-787455477L, -330099059L, -1202275398L, 22049272L, -1462968927L, 
1615508307L, -2000872844L, -1171538942L, 1013001879L, 910727265L, 
1330033830L, 1648829604L, 340485461L, 805752319L, -154000232L, 
815247798L, 705169987L, -1922748539L, 2050649122L, -693354736L, 
440220345L, 86388587L, -1586852260L, 537981834L, -1258787969L, 
1816106697L, -182984866L, 2043249676L, -1976048675L, 1927841511L, 
391767824L, 325498414L, 2021387483L, 531218877L, -1270227158L, 
-2078439480L, 1592966385L, 97825379L, 1254774372L, 538811794L, 
-2069906841L, 1533989425L, -1458110602L, -1243683692L, -1420633435L, 
-1911613521L, 855008360L, 1250134086L, 265993715L, 1546287445L, 
