.Random.seed <-
c(403L, 10L, -846118L, 1862219676L, -242742369L, -824397323L, 
1691780236L, -887575198L, -1471684291L, -8762953L, -1673712034L, 
-1358927976L, -1801877765L, -1943408999L, 180246312L, -553275946L, 
1141264977L, 1185990915L, -886594414L, -2112341468L, 571303143L, 
1593407805L, -1441591884L, 841781786L, 368245093L, -322205697L, 
1658289798L, 729425424L, 981114035L, -2130856111L, -302073088L, 
-1966431778L, 1799645737L, 1405790683L, 607295210L, 295998604L, 
868195279L, -1266994299L, -1458331588L, -858050286L, -1618307571L, 
168322375L, 1321201454L, -574692728L, -743357557L, 1322472297L, 
805735736L, 1858568166L, -1805174911L, -1757147373L, -77956926L, 
206607220L, -120750217L, 978872429L, -1050278140L, -1454844374L, 
-330212459L, 1277272111L, 1887148342L, 1201404256L, 2112927651L, 
-1555357503L, -940117840L, 559857614L, 439292729L, 2045590347L, 
818925818L, -228791812L, -689386945L, 1492746005L, 1661004844L, 
-1073826558L, 275258845L, 705789143L, 1011541950L, -1755688456L, 
1036592603L, -796685255L, 1681259912L, 1534417206L, -1171225743L, 
1105895843L, -1038271246L, -705265596L, -1601883385L, 163603165L, 
-1851790380L, 877964026L, -756158907L, -737044833L, -252031962L, 
-816830288L, 473919827L, 414649457L, -1375284832L, 733670718L, 
-1329058743L, -222025477L, -371310390L, 458208812L, -355636689L, 
745530085L, -1902995556L, -1697250830L, -1323226003L, -1103675993L, 
-852826162L, 530457896L, 2012976939L, 757931337L, -2147384744L, 
-1260676346L, -1917995295L, -1116429709L, 110824162L, -1261537708L, 
-1935655081L, -1246891187L, 390035172L, 1141716682L, -716163275L, 
2009808271L, 1920023190L, 2104349248L, -1016081661L, 542294817L, 
-814898160L, 760628206L, 1345057689L, 1200540715L, -492078822L, 
-1485898788L, -1328857633L, 486238645L, 710682444L, -1023369822L, 
468421885L, -284028425L, 1879301918L, -1623146024L, 1878932283L, 
1152290009L, -636469144L, 272967062L, 1858821393L, -711332157L, 
1252880082L, -1348470940L, -1901204825L, 601469949L, 175916532L, 
682148570L, 1981264933L, -1545012929L, -1561411898L, -1299295408L, 
1930079091L, 1730362769L, -972628032L, -1583777378L, -1684282519L, 
758691739L, 109682346L, 776517836L, -675542641L, 170360261L, 
1570218364L, -604114478L, -1550987955L, -144920569L, -914235410L, 
-2089179448L, 1370085835L, -1242280919L, -1247487368L, 1034848166L, 
2023133633L, 937068115L, -218985214L, -1934284L, -1965957705L, 
1904325037L, -1672260924L, 1971259114L, -1999771307L, -1996914961L, 
68828406L, -1042060256L, -1087656477L, 647712385L, 782133488L, 
1363601294L, 387635449L, -1346633077L, -1145142598L, 316599740L, 
520230655L, 900651605L, 1240210796L, 769791426L, 817862173L, 
-2020340073L, -1665759234L, 1767936952L, 1426296731L, 1102403065L, 
887772488L, 1736056950L, -1447375439L, -870943773L, 967192754L, 
662412548L, 961248839L, -1960605411L, -1294858348L, -954709190L, 
1514739589L, -861027233L, 315887334L, 1642607984L, 947846803L, 
865601329L, -546341408L, 251062910L, -1496090359L, -1323099333L, 
524038922L, 100899564L, -1779706001L, 37610048L, 1719567540L, 
832422984L, -1782179398L, -1964114416L, -1424406292L, 1861507412L, 
-1885866222L, 981505440L, -273909044L, 691402336L, -103014462L, 
-1221065944L, -202797652L, -1975987908L, 201932658L, 753926448L, 
-2145308892L, -104659656L, 2083232474L, 255952784L, 1444352764L, 
-957501548L, -1630951358L, -1405739776L, 841575484L, -271545008L, 
-2124801886L, 1943811912L, -1799940340L, -242562340L, 2002596690L, 
-1477275008L, 155187284L, -278787096L, -349456646L, 1608141136L, 
-1513274580L, 998672244L, 1889076114L, -1194690976L, -1772695668L, 
176206688L, 412927970L, -1780596824L, 708320460L, 383389180L, 
-464991310L, 1770285552L, 1331079620L, 375529816L, 1037395322L, 
1524240816L, -725553220L, 1606504532L, 348996546L, -2008964064L, 
1944304828L, -1052763568L, -933478430L, 331740776L, 910694988L, 
-903118596L, 1182257138L, -335856384L, -899016844L, 1117700104L, 
538478010L, -78119472L, -1441209364L, -1683284076L, 1037523922L, 
-1511008416L, -852802228L, -1685115616L, -1190902910L, -902456600L, 
129869036L, 478767676L, 1573456754L, 404286064L, -1816283100L, 
1844741944L, 1187556506L, 1113232080L, 397598908L, 814765716L, 
-2109790590L, 998472896L, -940560068L, -1506062192L, 490482210L, 
1354532360L, 1824588044L, 481047196L, -936620526L, 283889024L, 
831512084L, 1515427368L, 1349838138L, 1601210320L, -196373908L, 
1080403764L, -1583299950L, 398481760L, 2058154316L, -1676537888L, 
2017968034L, 714889128L, -1120965748L, 1296082620L, -1140978830L, 
-1358112528L, -558204860L, 605986136L, -717237190L, -424254608L, 
780960828L, 514870036L, 1947773378L, -2009390880L, 1960515452L, 
251436752L, 161285794L, 462341160L, 487573772L, -2021592132L, 
2105883954L, 2084872128L, -1899146700L, 2018794440L, 1069335738L, 
-1570058352L, -764889620L, -534708140L, -1073676654L, -1094862048L, 
-1000755764L, -1625678880L, 1634370242L, 1137269288L, 1751785132L, 
-389172548L, -313241102L, -1123202768L, -327988060L, 1920877240L, 
715959130L, -1898394224L, 305049980L, -902886124L, -1576048318L, 
1654915840L, -1826219076L, -496993456L, 831766818L, 978066760L, 
-909969396L, 2063497308L, 195634386L, -975730688L, 168065876L, 
1951130088L, 76847098L, -676735280L, -1450187476L, 1072482548L, 
-1642182766L, 2018425952L, -496403188L, -1177712928L, -107717278L, 
2008400552L, 344808012L, -1065764996L, 144862002L, 247414384L, 
-490521276L, 1455258584L, 1299976314L, 1601332784L, 1717537468L, 
356771668L, -1097868734L, -1793512544L, -1316763460L, 1819845072L, 
375489890L, -1232858136L, 225130444L, -90736900L, -541503502L, 
605101184L, 318331124L, -1623034744L, 1896179002L, -448052400L, 
906316908L, -657882988L, -1331685038L, 873414368L, 996520140L, 
-665487200L, 549452162L, -2127841048L, 1392834796L, 1671379004L, 
-519159694L, -365025168L, 1359348260L, -2104573384L, -1621865958L, 
1343172816L, -1906067908L, -496415596L, -2128538494L, -622344256L, 
1780739388L, -973971824L, 1893807138L, 618598408L, 1082825868L, 
1568423964L, -1160772462L, -809472896L, 1587799060L, 286466856L, 
1934020319L, -218891720L, 476983830L, 1794352675L, -853560859L, 
153059330L, 269884016L, 220450841L, 453986827L, 949485820L, 1859771690L, 
1632617311L, -1391488279L, 1212594686L, -866843156L, -1685031619L, 
601849095L, 396745968L, -251150194L, -328090949L, 1987547805L, 
-1418582454L, -1187492760L, 1494631505L, -1831981245L, -760120764L, 
-1205602062L, 1489159367L, 104545937L, 1659125782L, -827725196L, 
-1776014075L, -2137218225L, -1918685880L, -1314791194L, 851703315L, 
257157493L, 1740238162L, 353549728L, -1491964791L, -915284805L, 
1251053324L, 1838638746L, -663061489L, -1329776551L, -862636818L, 
797437820L, 711891949L, 1005888663L, -629690528L, 1145358142L, 
-840796149L, 1805934733L, 854956474L, 1370200056L, -1298902111L, 
-1308463789L, -2011356044L, -427895294L, 2024753303L, 2091448929L, 
-524766554L, -1322247516L, -919179435L, -1255410689L, 97850008L, 
941488054L, -977896381L, -1219365499L, 75869730L, -978578160L, 
-714083143L, -1095378581L, 335362140L, -266144374L, 116248959L, 
-116192055L, -1626082978L, 758161932L, -841087523L, 832527591L, 
373090576L, 289069102L, -1796448549L, 908818365L, -1544416982L, 
535221704L, 316230385L, 161776739L, 884858980L, -416207982L, 
-1668218777L, 279814193L, -416534154L, 358211220L, 869700773L, 
621070767L, -1085484440L, 957237830L, -1145745421L, 1677922133L, 
750465330L, 4396288L, 815080937L, 1509380187L, -1788796244L, 
-649577286L, -260063633L, 76704761L, 1927328398L, 1252860764L, 
1276522445L, -1429409993L, 1379536320L, 301576862L, 459484011L, 
-1599466771L, -1079195814L, 1314216984L, -1380251263L, -2125750477L, 
-1526074028L, 1325277026L, -186887177L, 1859230785L, -381200186L, 
-1734416892L, -479972939L, 1297108639L, 2053742328L, 690717398L, 
-1137633437L, -944443611L, 1885234370L, -570543696L, 170904025L, 
-559732917L, 2140057020L, -422380054L, -403011041L, 91005097L, 
-901674946L, -492263124L, 615613309L, -1016391225L, 1316592816L, 
853744334L, -1604857861L, -28125091L, -60956790L, -594702424L, 
